0 5 3
0 5 4
0 6 3
0 6 2
1 5 3
1 5 4
1 6 3
1 6 2
2 5 3
2 5 4
2 6 3
2 6 2
3 6 1
3 5 3
3 5 4
3 6 3
3 6 2
4 6 1
4 5 3
4 5 4
4 6 3
4 6 2
5 6 1
5 5 3
5 5 4
5 6 3
5 6 2
6 6 0
6 6 1
6 5 3
6 5 4
6 6 3
6 6 2
7 6 0
7 6 1
7 5 3
7 5 4
7 6 3
7 6 2
8 6 0
8 6 1
8 6 0
8 6 1
8 5 3
8 5 4
8 6 3
8 6 2
9 6 0
9 6 1
9 5 3
9 5 4
9 6 3
9 6 2
10 6 0
10 6 1
10 5 3
10 5 4
10 6 3
10 6 2
11 6 0
11 6 1
11 5 3
11 5 4
11 6 3
11 6 2
12 6 0
12 6 1
12 5 3
12 5 4
12 6 3
12 6 2
13 6 0
13 6 1
13 5 3
13 5 4
13 6 3
13 6 2
14 6 0
14 6 1
14 5 3
14 5 4
14 6 3
14 6 2
15 6 0
15 6 1
15 5 3
15 5 4
15 6 3
15 6 2
16 6 0
16 6 1
16 5 3
16 5 4
16 6 3
16 6 2
17 6 0
17 6 1
17 5 3
17 5 4
17 6 3
17 6 2
18 6 0
18 6 1
18 5 3
18 5 4
18 6 3
18 6 2
19 6 0
19 6 1
19 5 3
19 5 4
19 6 3
19 6 2
20 6 0
20 6 1
20 5 3
20 5 4
20 6 3
20 6 2
-1
