0 5 3
0 5 4
0 6 3
0 6 2
1 5 3
1 5 4
1 6 3
1 6 2
2 5 3
2 5 4
2 6 3
2 6 2
3 5 3
3 5 4
3 6 3
3 6 2
4 5 3
4 5 4
4 6 3
4 6 2
5 5 3
5 5 4
5 6 3
5 6 2
6 5 3
6 5 4
6 6 3
6 6 2
7 5 3
7 5 4
7 6 3
7 6 2
8 5 3
8 5 4
8 6 3
8 6 2
9 5 3
9 5 4
9 6 3
9 6 2
10 5 3
10 5 4
10 6 3
10 6 2
11 5 3
11 5 4
11 6 3
11 6 2
12 5 3
12 5 4
12 6 3
12 6 2
13 5 3
13 5 4
13 6 3
13 6 2
14 5 3
14 5 4
14 6 3
14 6 2
15 5 3
15 5 4
15 6 3
15 6 2
16 5 3
16 5 4
16 6 3
16 6 2
17 5 3
17 5 4
17 6 3
17 6 2
-1
